1 1 1 0 0 -20 5 -15 10 -10 5 E
2 1 1 90 0 -20 5 -15 10 -10 5 E
3 1 1 90 25 -20 5 -15 10 -10 5 E
4 1 1 90 -25 -20 5 -25 20 -15 10 E
5 1 1 90 25 -20 5 -25 30 -15 10 E
6 1 1 90 -25 -20 5 -25 30 -35 20 E
7 1 1 90 25 -20 5 -35 30 -35 25 E
8 1 1 90 -25 -20 5 -30 30 -45 35 E
9 1 1 90 25 -35 -10 -35 25 -60 45 E
10 1 1 90 -25 -35 -10 -35 20 -60 45 E
11 1 1 90 25 -35 -10 -35 30 -60 45 E
12 1 1 90 -25 -15 0 -40 25 -60 55 E
13 1 1 90 25 -15 0 -40 20 -75 65 E
14 1 1 90 -25 -15 0 -50 30 -75 65 E
15 1 1 90 0 -15 0 -50 45 -75 65 E
16 0 0 90 0 -15 0 -50 45 -75 65 E
17 0 0 0 0 -15 0 -55 45 -75 65 E